
"
#
&
""
(
)
+
,
-
sakjhdkjahdkja
++
-1
.
.com
/
0
000001313
00000659
00005246
00005964
00007017
0071
00809
01
010
012
016831
02
03
0312
04
05
08
0809
09
1
10
11
114
117800226
117800236
11월
12
12월
1441
1497
15
1505
15119
15년
16
1695
17
18
1808
186
1888
19
1901
19010
19011
1905
1906
1910
19년
1월
2
20
2003
2004
2008
2009
2012
20121
2019
2020
20200310
202008
2020년
2021
202102003600
20210226
20210305
20210309
20210310
20210315
20210318
20년
21
210318
210319
210323
210325
210326
21년
24
2509
2554
26
2736
2928
2월
3
3189
3227
3월
3월14일
4
40
4155
4260134041
4368
474
490
4926
4월
5
500
5153
52
53212
5323
5377
5391
555
5800
6
636
6437
7
7017
8
81
8538
8월1일
9
990
9월
9월30일
:
=
>
@
A

